[173, 216, 230],[173, 216, 230],[173, 216, 230],[173, 216, 230]
[194, 106, 54],[204, 85, 0],[139, 69, 19],[141, 85, 36]
[255, 255, 102],[250, 250, 210],[238, 232, 170],[255, 204, 51]
[255, 255, 102],[250, 250, 210],[238, 232, 170],[255, 204, 51]
[255, 223, 186],[255, 240, 210], [255, 250, 240],[255, 215, 170]
[255, 223, 0],[255, 187, 51], [255, 165, 0],[255, 250, 200]
[255, 200, 150], [255, 180, 120], [255, 230, 200], [255, 170, 100]
[255, 160, 120], [255, 140, 100], [255, 190, 140], [255, 210, 170]
[160, 70, 50], [140, 60, 40], [180, 80, 60], [120, 50, 30]
[0, 120, 200], [30, 150, 230], [10, 70, 130], [90, 200, 180]
[60, 90, 180], [40, 120, 200], [100, 150, 220], [20, 70, 150]
[50, 80, 200], [30, 60, 180], [20, 40, 140], [90, 130, 240]
[230, 230, 255], [200, 220, 240], [210, 230, 255], [180, 200, 230]
[255, 70, 0], [255, 100, 30], [255, 140, 60], [255, 40, 0]
[120, 70, 50], [80, 40, 20], [160, 100, 70], [200, 150, 100]
[0, 150, 100], [60, 180, 200], [100, 200, 160], [10, 100, 60]
[80, 80, 80], [120, 120, 120], [60, 60, 60], [100, 100, 100]
[230, 210, 255], [200, 190, 250], [180, 160, 230], [210, 180, 255]
[50, 90, 150], [40, 80, 140], [70, 110, 180], [90, 130, 200]
[80, 80, 80], [100, 100, 100], [60, 60, 60], [120, 120, 120]
[210, 180, 140], [240, 220, 170], [190, 150, 110], [220, 200, 160]
[100, 100, 130], [150, 150, 170], [200, 200, 220], [50, 50, 100]
